101000000
011000111
101001001
010000111
010000111
010000101
101000000
000100111
111000000
011000001
111100000
011000101
111100001
011000110
111100011
101010000
101011000
011010111
101001000
011001100
011100111
000001001
010100001
110111110
110110101
110101100
010011001
010010101
010010001
011100000
000001010
101000001
010000011
010000011
010000001
011001100
011000001
111100000
011000001
011000101
101000001
010000011
010000011
000101000
011011000
111000011
011010011
101010000
000110100
101001000
000101101
111100000
011000101
111100001
011000110
111100010
101001000
011001100
011100111
000001011
010100001
110111110
110110101
110101100
010011001
010010101
010010001
011100000
000001100
011001100
011010101
011011110
101001001
010000111
010000111
010000101
111100000
011000111
011000001
101000001
010000011
010000011
000101000
101000000
000100100
111000000
101000000
000100101
111000001
101000000
000100110
111000010
101001100
000101111
011001111
101001001
010000111
010000111
011101111
000001101
011100000
000001110
000000000
