101000001
010000011
010000011
010000001
011000001
010100101
000100001
010100101
000100001
010100101
000100001
010100101
000100001
010100101
000100001
010100101
000100001
010100101
000100001
101001001
010000111
010000111
101010010
000101010
111000000
111000001
101000000
111000010
111000011
101000000
011000110
101001010
000101110
011001111
011100000
000010000
101011010
000111110
011011111
101001000
000101110
111100000
011000101
101001000
000101111
111100000
011000011
100011101
000010011
100110010
101001000
000101111
111100000
011000010
111100001
011000011
101001000
000101110
111100000
011000100
111100001
011000101
011100000
000010101
101001000
000101110
111100000
011000010
111100001
011000011
101001000
000101111
111100000
011000100
111100001
011000101
011100000
000010101
101001000
000101111
111100001
011000011
101001000
000101110
111100001
011000101
011111101
000010100
100110010
011100000
000010001
101010000
101011000
011100000
000010110
001001101
101000001
000101000
011001101
001001100
101000000
101101000
011001100
000111101
101110100
101001001
101000000
000101000
010000111
010000111
111100010
011000100
111100011
011000101
011110100
000010111
100111000
011100000
000011001
011111101
100111000
011100000
000011001
011010000
111000010
101000000
000100011
111000011
011100000
000011100
111100100
011000100
111100101
011000101
101000000
000100100
011100010
000011010
100111011
011100000
000011100
101000000
000100101
011100011
100111011
011100000
000011100
101000000
000100010
111000100
101000000
000100011
111000101
101011010
000111111
011011111
101000001
010000011
010000011
011100111
000011101
011100000
000010000
101011010
000111110
011011110
101001100
010000111
101000100
010000010
000101000
010100001
000101000
010100001
000101000
010100001
000101000
011101110
000000000
011100000
000001111
