101000000
101001000
101010000
101011000
011000100
011000101
011000110
011000111
011000110
101001010
000101110
011001111
101001000
000101110
111100000
011000101
101001000
000101111
111100000
011000011
001111101
110010011
111100001
011000011
101001000
000101110
111100001
011000101
001111101
011010001
110010011
000110001
101001001
010000111
010000111
011010000
111000000
111000001
101011010
000111111
011011111
011100000
000000001
101011010
000111110
011011111
101001000
000101110
111100000
011000101
101001000
000101111
111100000
011000011
001111101
110010011
111100001
011000011
101001000
000101110
111100001
011000101
001111101
011010001
110010011
000110001
101001001
010000111
010000111
111100000
011110000
100100010
011100000
000000011
011010000
111000000
111100001
011100010
100100100
011100000
000000101
011010000
111000001
101011010
000111111
011011111
101001100
010000111
010000101
011101111
000000110
011100000
000000001
101011010
000111110
011011110
101001100
010000111
101000100
010000010
000101000
010100001
000101000
010100001
000101000
010100001
000101000
011101110
000000000
011100000
000000111
